# LAMMPS table generated by DiffCG (pair)

PAIR_0
N 500

1 5.0000000000e-02 1.6796416289e+06 2.1016553426e+08
2 5.2905811623e-02 1.0689401767e+06 1.6909427882e+08
3 5.5811623246e-02 6.9692938731e+05 1.0402900585e+08
4 5.8717434870e-02 4.6436278795e+05 6.5625990307e+07
5 6.1623246493e-02 3.1553585645e+05 4.2346282255e+07
6 6.4529058116e-02 2.1826214961e+05 2.7889975884e+07
7 6.7434869739e-02 1.5344982426e+05 1.8714373176e+07
8 7.0340681363e-02 1.0950126342e+05 1.2773244027e+07
9 7.3246492986e-02 7.9216542339e+04 8.8555749552e+06
10 7.6152304609e-02 5.8035998149e+04 6.2285274398e+06
11 7.9058116232e-02 4.3018687477e+04 4.4394784014e+06
12 8.1963927856e-02 3.2235422270e+04 3.2035663108e+06
13 8.4869739479e-02 2.4400767034e+04 2.3383680961e+06
14 8.7775551102e-02 1.8645707883e+04 1.7251639133e+06
15 9.0681362725e-02 1.4374764331e+04 1.2855256233e+06
16 9.3587174349e-02 1.1174717287e+04 9.6691400497e+05
17 9.6492985972e-02 8.7554244225e+03 7.3367077596e+05
18 9.9398797595e-02 6.9108991503e+03 5.6129726950e+05
19 1.0230460922e-01 5.4933761629e+03 4.3276785048e+05
20 1.0521042084e-01 4.3958154502e+03 3.3612210963e+05
21 1.0811623246e-01 3.5399610969e+03 2.6287216032e+05
22 1.1102204409e-01 2.8681014926e+03 2.0693643023e+05
23 1.1392785571e-01 2.3373245285e+03 1.6391780901e+05
24 1.1683366733e-01 1.9154729433e+03 1.3060969714e+05
25 1.1973947896e-01 1.5782701764e+03 1.0465457691e+05
26 1.2264529058e-01 1.3072599712e+03 8.4305742404e+04
27 1.2555110220e-01 1.0883169640e+03 6.8259504230e+04
28 1.2845691383e-01 9.1056144968e+02 5.5536000543e+04
29 1.3136272545e-01 7.6556265225e+02 4.5393836409e+04
30 1.3426853707e-01 6.4674957475e+02 3.7268470256e+04
31 1.3717434870e-01 5.4897234414e+02 3.0727407967e+04
32 1.4008016032e-01 4.6817345633e+02 2.5437386610e+04
33 1.4298597194e-01 4.0113983677e+02 2.1140175204e+04
34 1.4589178357e-01 3.4531472267e+02 1.7634613099e+04
35 1.4879759519e-01 2.9865410934e+02 1.4763194655e+04
36 1.5170340681e-01 2.5951659741e+02 1.2401989311e+04
37 1.5460921844e-01 2.2657841996e+02 1.0453024153e+04
38 1.5751503006e-01 1.9876755925e+02 8.8384955413e+03
39 1.6042084168e-01 1.7521241381e+02 7.4963472193e+03
40 1.6332665331e-01 1.5520161349e+02 6.3768750404e+03
41 1.6623246493e-01 1.3815241858e+02 5.4401071238e+03
42 1.6913827655e-01 1.2358576046e+02 4.6537727557e+03
43 1.7204408818e-01 1.1110644465e+02 3.9917205356e+03
44 1.7494989980e-01 1.0038738460e+02 3.4326809613e+03
45 1.7785571142e-01 9.1156996175e+01 2.9592943408e+03
46 1.8076152305e-01 8.3189080820e+01 2.5573439936e+03
47 1.8366733467e-01 7.6294676373e+01 2.2151489890e+03
48 1.8657314629e-01 7.0315469464e+01 1.9230813785e+03
49 1.8947895792e-01 6.5118451931e+01 1.6731809749e+03
50 1.9238476954e-01 6.0591572014e+01 1.4588468613e+03
51 1.9529058116e-01 5.6640183599e+01 1.2745894857e+03
52 1.9819639279e-01 5.3184138127e+01 1.2958891817e+03
53 2.0110220441e-01 4.9108963905e+01 1.6056646316e+03
54 2.0400801603e-01 4.3852620227e+01 1.7134805902e+03
55 2.0691382766e-01 3.9150860275e+01 1.5298920281e+03
56 2.0981963928e-01 3.4961464153e+01 1.3572161644e+03
57 2.1272545090e-01 3.1263231264e+01 1.1892702616e+03
58 2.1563126253e-01 2.8049873454e+01 1.0385421302e+03
59 2.1853707415e-01 2.5227615677e+01 9.2072970129e+02
60 2.2144288577e-01 2.2698939319e+01 8.2597813241e+02
61 2.2434869739e-01 2.0427341961e+01 7.3348902910e+02
62 2.2725450902e-01 1.8436177426e+01 6.4673224475e+02
63 2.3016032064e-01 1.6668777814e+01 5.7930861781e+02
64 2.3306613226e-01 1.5069453996e+01 5.2140363974e+02
65 2.3597194389e-01 1.3638576300e+01 4.6391086399e+02
66 2.3887775551e-01 1.2373378834e+01 4.1278894388e+02
67 2.4178356713e-01 1.1239602478e+01 3.7274142106e+02
68 2.4468937876e-01 1.0207146127e+01 3.3630957586e+02
69 2.4759519038e-01 9.2850979289e+00 3.0014842630e+02
70 2.5050100200e-01 8.4627965550e+00 2.6938446183e+02
71 2.5340681363e-01 7.7195369283e+00 2.4468267065e+02
72 2.5631262525e-01 7.0407930583e+00 2.2121487350e+02
73 2.5921843687e-01 6.4339194270e+00 1.9828744960e+02
74 2.6212424850e-01 5.8884211067e+00 1.7936760359e+02
75 2.6503006012e-01 5.3915024920e+00 1.6357537570e+02
76 2.6793587174e-01 4.9377826506e+00 1.4813686025e+02
77 2.7084168337e-01 4.5305868717e+00 1.3350240606e+02
78 2.7374749499e-01 4.1619169643e+00 1.2162852503e+02
79 2.7665330661e-01 3.8237277080e+00 1.1119290304e+02
80 2.7955911824e-01 3.5157057041e+00 1.0084673722e+02
81 2.8246492986e-01 3.2376444656e+00 9.1453293298e+01
82 2.8537074148e-01 2.9842136188e+00 8.3802831169e+01
83 2.8827655311e-01 2.7506139838e+00 7.6752334691e+01
84 2.9118236473e-01 2.5381579663e+00 6.9759739667e+01
85 2.9408817635e-01 2.3451966591e+00 6.3649609138e+01
86 2.9699398798e-01 2.1682504182e+00 5.8578433665e+01
87 2.9989979960e-01 2.0047608723e+00 5.3733332917e+01
88 3.0280561122e-01 1.8559725315e+00 4.8986498831e+01
89 3.0571142285e-01 1.7200697969e+00 4.4949267100e+01
90 3.0861723447e-01 1.5947443259e+00 4.1494650420e+01
91 3.1152304609e-01 1.4789185219e+00 3.8113234607e+01
92 3.1442885772e-01 1.3732445657e+00 3.4879370132e+01
93 3.1733466934e-01 1.2762127636e+00 3.2172593645e+01
94 3.2024048096e-01 1.1862695726e+00 2.9757516378e+01
95 3.2314629259e-01 1.1032732897e+00 2.7364198782e+01
96 3.2605210421e-01 1.0272391588e+00 2.5155282863e+01
97 3.2895791583e-01 9.5708026304e-01 2.3305410493e+01
98 3.3186372745e-01 8.9179689343e-01 2.1586058873e+01
99 3.3476953908e-01 8.3163022148e-01 1.9880424062e+01
100 3.3767535070e-01 7.7625935878e-01 1.8359198325e+01
101 3.4058116232e-01 7.2493347771e-01 1.7066331785e+01
102 3.4348697395e-01 6.7707626827e-01 1.5826471610e+01
103 3.4639278557e-01 6.3295598739e-01 1.4608238789e+01
104 3.4929859719e-01 5.9217868812e-01 1.3548129575e+01
105 3.5220440882e-01 5.5421936260e-01 1.2624657060e+01
106 3.5511022044e-01 5.1880893766e-01 1.1719938071e+01
107 3.5801603206e-01 4.8610749808e-01 1.0848357639e+01
108 3.6092184369e-01 4.5576237023e-01 1.0101351807e+01
109 3.6382765531e-01 4.2740224708e-01 9.4277998328e+00
110 3.6673346693e-01 4.0097154956e-01 8.7603844825e+00
111 3.6963927856e-01 3.7649019299e-01 8.1361854988e+00
112 3.7254509018e-01 3.5368710478e-01 7.6023348421e+00
113 3.7545090180e-01 3.3230828709e-01 7.1032264570e+00
114 3.7835671343e-01 3.1240582878e-01 6.6078308103e+00
115 3.8126252505e-01 2.9390606394e-01 6.1587632414e+00
116 3.8416833667e-01 2.7661341716e-01 5.7702105409e+00
117 3.8707414830e-01 2.6037177422e-01 5.3966329597e+00
118 3.8997995992e-01 2.4525021959e-01 5.0286098172e+00
119 3.9288577154e-01 2.3114738852e-01 4.7025356996e+00
120 3.9579158317e-01 2.1792085381e-01 4.4146216553e+00
121 3.9869739479e-01 2.0549127068e-01 4.1323826721e+00
122 4.0160320641e-01 1.9390500260e-01 3.8588476316e+00
123 4.0450901804e-01 1.8306510208e-01 3.6200024413e+00
124 4.0741482966e-01 1.7286691227e-01 3.4029278763e+00
125 4.1032064128e-01 1.6328856733e-01 3.1878340702e+00
126 4.1322645291e-01 1.5434042168e-01 2.9845225975e+00
127 4.1613226453e-01 1.4594364642e-01 2.8077179749e+00
128 4.1903807615e-01 1.3802302262e-01 2.6417223335e+00
129 4.2194388778e-01 1.3059095150e-01 2.4768656994e+00
130 4.2484969940e-01 1.2362841235e-01 2.3254356953e+00
131 4.2775551102e-01 1.1707639535e-01 2.1925566397e+00
132 4.3066132265e-01 1.1088609921e-01 2.0645715427e+00
133 4.3356713427e-01 1.0507788338e-01 1.9382042769e+00
134 4.3647294589e-01 9.9621986178e-02 1.8245955713e+00
135 4.3937875752e-01 9.4474021343e-02 1.7232084205e+00
136 4.4228456914e-01 8.9607348062e-02 1.6237827194e+00
137 4.4519038076e-01 8.5037207941e-02 1.5269462471e+00
138 4.4809619238e-01 8.0733311760e-02 1.4411082445e+00
139 4.5100200401e-01 7.6662029770e-02 1.3626017958e+00
140 4.5390781563e-01 7.2814383484e-02 1.2848136706e+00
141 4.5681362725e-01 6.9195176774e-02 1.2106526846e+00
142 4.5971943888e-01 6.5778526202e-02 1.1452742823e+00
143 4.6262525050e-01 6.2539274130e-02 1.0837030882e+00
144 4.6553106212e-01 5.9480452142e-02 1.0225227990e+00
145 4.6843687375e-01 5.6596756863e-02 9.6570227263e-01
146 4.7134268537e-01 5.3868154363e-02 9.1527191922e-01
147 4.7424849699e-01 5.1277541301e-02 8.6663897849e-01
148 4.7715430862e-01 4.8831575131e-02 8.1852915035e-01
149 4.8006012024e-01 4.6520558262e-02 7.7475014685e-01
150 4.8296593186e-01 4.4329019166e-02 7.3534135009e-01
151 4.8587174349e-01 4.2247031377e-02 6.9668790043e-01
152 4.8877755511e-01 4.0280131569e-02 6.5888669902e-01
153 4.9168336673e-01 3.8417830120e-02 6.2495868682e-01
154 4.9458917836e-01 3.6648107136e-02 5.9376807144e-01
155 4.9749498998e-01 3.4967073793e-02 5.6286515522e-01
156 5.0040080160e-01 3.3376946916e-02 5.3319473034e-01
157 5.0330661323e-01 3.1868346904e-02 5.0673652950e-01
158 5.0621242485e-01 3.0431985121e-02 4.8176182769e-01
159 5.0911823647e-01 2.9068528667e-02 4.5693538140e-01
160 5.1202404810e-01 2.7776448836e-02 4.3366124188e-01
161 5.1492985972e-01 2.6548252912e-02 4.1280867142e-01
162 5.1783567134e-01 2.5377360365e-02 3.9268241350e-01
163 5.2074148297e-01 2.4266130669e-02 3.7274096428e-01
164 5.2364729459e-01 2.3211130312e-02 3.5440799682e-01
165 5.2655310621e-01 2.2206444916e-02 3.3778582895e-01
166 5.2945891784e-01 2.1248046336e-02 3.2148175325e-01
167 5.3236472946e-01 2.0338114086e-02 3.0548269910e-01
168 5.3527054108e-01 1.9472695981e-02 2.9097104747e-01
169 5.3817635271e-01 1.8647099982e-02 2.7757221663e-01
170 5.4108216433e-01 1.7859550834e-02 2.6429878770e-01
171 5.4398797595e-01 1.7111095003e-02 2.5147982050e-01
172 5.4689378758e-01 1.6398044863e-02 2.3993581553e-01
173 5.4979959920e-01 1.5716678440e-02 2.2902033964e-01
174 5.5270541082e-01 1.5067064934e-02 2.1816634136e-01
175 5.5561122244e-01 1.4448777859e-02 2.0790851371e-01
176 5.5851703407e-01 1.3858778982e-02 1.9864425343e-01
177 5.6142284569e-01 1.3294332298e-02 1.8969777928e-01
178 5.6432865731e-01 1.2756326958e-02 1.8082181001e-01
179 5.6723446894e-01 1.2243464064e-02 1.7258969127e-01
180 5.7014028056e-01 1.1753300696e-02 1.6507994617e-01
181 5.7304609218e-01 1.1284081611e-02 1.5771458670e-01
182 5.7595190381e-01 1.0836722938e-02 1.5046636106e-01
183 5.7885771543e-01 1.0409627809e-02 1.4383234257e-01
184 5.8176352705e-01 1.0000823552e-02 1.3768414967e-01
185 5.8466933868e-01 9.6094594043e-03 1.3159471478e-01
186 5.8757515030e-01 9.2360446489e-03 1.2568476105e-01
187 5.9048096192e-01 8.8790269254e-03 1.2031681052e-01
188 5.9338677355e-01 8.5368086757e-03 1.1523459940e-01
189 5.9629258517e-01 8.2093268484e-03 1.1018000119e-01
190 5.9919839679e-01 7.8964840196e-03 1.0536919207e-01
191 6.0210420842e-01 7.5969608025e-03 1.0099437419e-01
192 6.0501002004e-01 7.3095427668e-03 9.6768255565e-02
193 6.0791583166e-01 7.0345801589e-03 9.2570936018e-02
194 6.1082164329e-01 6.7715553629e-03 8.8648128360e-02
195 6.1372745491e-01 6.5193906355e-03 8.5050550265e-02
196 6.1663326653e-01 6.2772736079e-03 8.1522816046e-02
197 6.1953907816e-01 6.0456107424e-03 7.8042850186e-02
198 6.2244488978e-01 5.8237179655e-03 7.4832633953e-02
199 6.2535070140e-01 5.6107116673e-03 7.1847767621e-02
200 6.2825651303e-01 5.4061658092e-03 6.8892194602e-02
201 6.3116232465e-01 5.2103361878e-03 6.6011763337e-02
202 6.3406813627e-01 5.0225303108e-03 6.3375586937e-02
203 6.3697394790e-01 4.8420211536e-03 6.0877359331e-02
204 6.3987975952e-01 4.6687340339e-03 5.8392451322e-02
205 6.4278557114e-01 4.5026662259e-03 5.6012577452e-02
206 6.4569138277e-01 4.3432100366e-03 5.3835349088e-02
207 6.4859719439e-01 4.1897954597e-03 5.1731811051e-02
208 6.5150300601e-01 4.0425642411e-03 4.9640792048e-02
209 6.5440881764e-01 3.9013018787e-03 4.7673270663e-02
210 6.5731462926e-01 3.7655051531e-03 4.5860464222e-02
211 6.6022044088e-01 3.6347781387e-03 4.4083338075e-02
212 6.6312625251e-01 3.5093094007e-03 4.2326733067e-02
213 6.6603206413e-01 3.3887911129e-03 4.0695028306e-02
214 6.6893787575e-01 3.2728052282e-03 3.9173445707e-02
215 6.7184368737e-01 3.1611298052e-03 3.7667269265e-02
216 6.7474949900e-01 3.0538972505e-03 3.6194168783e-02
217 6.7765531062e-01 2.9507829325e-03 3.4836870903e-02
218 6.8056112224e-01 2.8514384817e-03 3.3549562893e-02
219 6.8346693387e-01 2.7558055129e-03 3.2269100349e-02
220 6.8637274549e-01 2.6639026280e-03 3.1036046783e-02
221 6.8927855711e-01 2.5754357019e-03 2.9901910943e-02
222 6.9218436874e-01 2.4901239873e-03 2.8806149928e-02
223 6.9509018036e-01 2.4080252113e-03 2.7716156433e-02
224 6.9799599198e-01 2.3290481282e-03 2.6684339192e-02
225 7.0090180361e-01 2.2529458854e-03 2.5729721048e-02
226 7.0380761523e-01 2.1795166833e-03 2.4794211881e-02
227 7.0671342685e-01 2.1088512672e-03 2.3867931155e-02
228 7.0961923848e-01 2.0408052597e-03 2.3002189202e-02
229 7.1252505010e-01 1.9751712097e-03 2.2192754732e-02
230 7.1543086172e-01 1.9118293304e-03 2.1391807117e-02
231 7.1833667335e-01 1.8508500862e-03 2.0606065479e-02
232 7.2124248497e-01 1.7920746413e-03 1.9877734850e-02
233 7.2414829659e-01 1.7353281803e-03 1.9186411679e-02
234 7.2705410822e-01 1.6805704451e-03 1.8498809135e-02
235 7.2995991984e-01 1.6278200711e-03 1.7833541935e-02
236 7.3286573146e-01 1.5769286182e-03 1.7218629537e-02
237 7.3577154309e-01 1.5277518834e-03 1.6624584018e-02
238 7.3867735471e-01 1.4803127993e-03 1.6033346624e-02
239 7.4158316633e-01 1.4345721134e-03 1.5470622779e-02
240 7.4448897796e-01 1.3904033683e-03 1.4948063050e-02
241 7.4739478958e-01 1.3476996027e-03 1.4436167938e-02
242 7.5030060120e-01 1.3065057992e-03 1.3928596061e-02
243 7.5320641283e-01 1.2667518501e-03 1.3451560964e-02
244 7.5611222445e-01 1.2283303948e-03 1.3004483425e-02
245 7.5901803607e-01 1.1911746919e-03 1.2562273737e-02
246 7.6192384770e-01 1.1553231927e-03 1.2127325271e-02
247 7.6482965932e-01 1.1206952464e-03 1.1721976042e-02
248 7.6773547094e-01 1.0871994842e-03 1.1336919363e-02
249 7.7064128257e-01 1.0548093423e-03 1.0953986564e-02
250 7.7354709419e-01 1.0235390413e-03 1.0581978312e-02
251 7.7645290581e-01 9.9331087114e-04 1.0236564548e-02
252 7.7935871743e-01 9.6404798476e-04 9.9029369418e-03
253 7.8226452906e-01 9.3575873259e-04 9.5707514036e-03
254 7.8517034068e-01 9.0842638344e-04 9.2530276885e-03
255 7.8807615230e-01 8.8198362180e-04 8.9569844042e-03
256 7.9098196393e-01 8.5637176466e-04 8.6671126341e-03
257 7.9388777555e-01 8.3161362853e-04 8.3793430215e-03
258 7.9679358717e-01 8.0767417996e-04 8.1075247796e-03
259 7.9969939880e-01 7.8449574906e-04 7.8522142766e-03
260 8.0260521042e-01 7.6204006893e-04 7.5997964277e-03
261 8.0551102204e-01 7.4032859545e-04 7.3509639505e-03
262 8.0841683367e-01 7.1931903597e-04 7.1179284577e-03
263 8.1132264529e-01 6.9896187698e-04 6.8963849451e-03
264 8.1422845691e-01 6.7923984488e-04 6.6761067767e-03
265 8.1713426854e-01 6.6016285964e-04 6.4613512602e-03
266 8.2004008016e-01 6.4168890571e-04 6.2611049550e-03
267 8.2294589178e-01 6.2377567651e-04 6.0677435807e-03
268 8.2585170341e-01 6.0642546607e-04 5.8751619283e-03
269 8.2875751503e-01 5.8963144888e-04 5.6901350519e-03
270 8.3166332665e-01 5.7335654493e-04 5.5172005037e-03
271 8.3456913828e-01 5.5756755818e-04 5.3479537946e-03
272 8.3747494990e-01 5.4227625234e-04 5.1797653546e-03
273 8.4038076152e-01 5.2746471343e-04 5.0201699327e-03
274 8.4328657315e-01 5.1310091604e-04 4.8699593793e-03
275 8.4619238477e-01 4.9916234429e-04 4.7215221992e-03
276 8.4909819639e-01 4.8566120787e-04 4.5749087447e-03
277 8.5200400802e-01 4.7257469827e-04 4.4369885942e-03
278 8.5490981964e-01 4.5987510181e-04 4.3057667537e-03
279 8.5781563126e-01 4.4755120412e-04 4.1753272834e-03
280 8.6072144289e-01 4.3560967269e-04 4.0477624252e-03
281 8.6362725451e-01 4.2402713390e-04 3.9283446170e-03
282 8.6653306613e-01 4.1277961381e-04 3.8130710933e-03
283 8.6943887776e-01 4.0186700131e-04 3.6982405802e-03
284 8.7234468938e-01 3.9128683288e-04 3.5874580197e-03
285 8.7525050100e-01 3.8101804689e-04 3.4836201171e-03
286 8.7815631263e-01 3.7104134522e-04 3.3820498091e-03
287 8.8106212425e-01 3.6136284760e-04 3.2810302284e-03
288 8.8396793587e-01 3.5197323368e-04 3.1847673543e-03
289 8.8687374749e-01 3.4285417961e-04 3.0939911129e-03
290 8.8977955912e-01 3.3399212300e-04 3.0043325277e-03
291 8.9268537074e-01 3.2539413085e-04 2.9156266101e-03
292 8.9559118236e-01 3.1704759962e-04 2.8318373104e-03
293 8.9849699399e-01 3.0893655931e-04 2.7520546030e-03
294 9.0140280561e-01 3.0105369511e-04 2.6727714785e-03
295 9.0430861723e-01 2.9340341845e-04 2.5950240070e-03
296 9.0721442886e-01 2.8597239326e-04 2.5219699758e-03
297 9.1012024048e-01 2.7874667911e-04 2.4514785020e-03
298 9.1302605210e-01 2.7172532381e-04 2.3812508294e-03
299 9.1593186373e-01 2.6490774643e-04 2.3132393611e-03
300 9.1883767535e-01 2.5828164817e-04 2.2493223889e-03
301 9.2174348697e-01 2.5183553215e-04 2.1868358910e-03
302 9.2464929860e-01 2.4557258187e-04 2.1246454851e-03
303 9.2755511022e-01 2.3948789306e-04 2.0651523091e-03
304 9.3046092184e-01 2.3357069470e-04 2.0089484583e-03
305 9.3336673347e-01 2.2781264150e-04 1.9534665702e-03
306 9.3627254509e-01 2.2221788297e-04 1.8984944635e-03
307 9.3917835671e-01 2.1677930694e-04 1.8463718638e-03
308 9.4208416834e-01 2.1148746533e-04 1.7967024739e-03
309 9.4498997996e-01 2.0633754908e-04 1.7473611472e-03
310 9.4789579158e-01 2.0133246066e-04 1.6988594387e-03
311 9.5080160321e-01 1.9646441807e-04 1.6531250392e-03
312 9.5370741483e-01 1.9172512075e-04 1.6090123660e-03
313 9.5661322645e-01 1.8711344440e-04 1.5650637778e-03
314 9.5951903808e-01 1.8262955972e-04 1.5223521616e-03
315 9.6242484970e-01 1.7826610719e-04 1.4821117262e-03
316 9.6533066132e-01 1.7401608476e-04 1.4427947360e-03
317 9.6823647295e-01 1.6988112776e-04 1.4036422443e-03
318 9.7114228457e-01 1.6585864486e-04 1.3660520876e-03
319 9.7404809619e-01 1.6194214769e-04 1.3304793045e-03
320 9.7695390782e-01 1.5812640041e-04 1.2953832893e-03
321 9.7985971944e-01 1.5441386806e-04 1.2605661563e-03
322 9.8276553106e-01 1.5080046483e-04 1.2274371475e-03
323 9.8567134269e-01 1.4728046579e-04 1.1958424124e-03
324 9.8857715431e-01 1.4385067927e-04 1.1644684280e-03
325 9.9148296593e-01 1.4051301401e-04 1.1335631523e-03
326 9.9438877756e-01 1.3726283730e-04 1.1043254372e-03
327 9.9729458918e-01 1.3409509063e-04 1.0761327085e-03
328 1.0002004008e+00 1.3100875943e-04 1.0480461602e-03
329 1.0031062124e+00 1.2800424120e-04 1.0206644075e-03
330 1.0060120240e+00 1.2507704244e-04 9.9480442291e-04
331 1.0089178357e+00 1.2222281269e-04 9.6955314301e-04
332 1.0118236473e+00 1.1944236485e-04 9.4439638277e-04
333 1.0147294589e+00 1.1673433672e-04 9.2016174542e-04
334 1.0176352705e+00 1.1409473146e-04 8.9719021131e-04
335 1.0205410822e+00 1.1152020523e-04 8.7453984489e-04
336 1.0234468938e+00 1.0901223537e-04 8.5204522076e-04
337 1.0263527054e+00 1.0656843942e-04 8.3057061859e-04
338 1.0292585170e+00 1.0418527185e-04 8.1007429189e-04
339 1.0321643287e+00 1.0186059283e-04 7.8972971461e-04
340 1.0350701403e+00 9.9595660287e-05 7.6965173398e-04
341 1.0379759519e+00 9.7387666920e-05 7.5059869428e-04
342 1.0408817635e+00 9.5233463468e-05 7.3223017078e-04
343 1.0437875752e+00 9.3132221041e-05 7.1393281449e-04
344 1.0466933868e+00 9.1084354927e-05 6.9604467252e-04
345 1.0495991984e+00 8.9087071641e-05 6.7911080212e-04
346 1.0525050100e+00 8.7137618802e-05 6.6258585526e-04
347 1.0554108216e+00 8.5236372282e-05 6.4611714846e-04
348 1.0583166333e+00 8.3382629363e-05 6.3020174877e-04
349 1.0612224449e+00 8.1573877146e-05 6.1509223563e-04
350 1.0641282565e+00 7.9807945028e-05 6.0020299930e-04
351 1.0670340681e+00 7.8085723446e-05 5.8540246230e-04
352 1.0699398798e+00 7.6405806468e-05 5.7122930331e-04
353 1.0728456914e+00 7.4765953946e-05 5.5769102698e-04
354 1.0757515030e+00 7.3164716331e-05 5.4425904918e-04
355 1.0786573146e+00 7.1602925405e-05 5.3098129773e-04
356 1.0815631263e+00 7.0078853076e-05 5.1834493160e-04
357 1.0844689379e+00 6.8590499947e-05 5.0616383977e-04
358 1.0873747495e+00 6.7137219538e-05 4.9403193128e-04
359 1.0902805611e+00 6.5719372492e-05 4.8214169652e-04
360 1.0931863727e+00 6.4335193646e-05 4.7085979713e-04
361 1.0960921844e+00 6.2982912750e-05 4.5985740851e-04
362 1.0989979960e+00 6.1662675642e-05 4.4888971480e-04
363 1.1019038076e+00 6.0374134848e-05 4.3825882283e-04
364 1.1048096192e+00 5.9115680478e-05 4.2815104584e-04
365 1.1077154309e+00 5.7885882279e-05 4.1819683939e-04
366 1.1106212425e+00 5.6685278006e-05 4.0829412931e-04
367 1.1135270541e+00 5.5513030626e-05 3.9878351606e-04
368 1.1164328657e+00 5.4367698454e-05 3.8969166645e-04
369 1.1193386774e+00 5.3248289475e-05 3.8067553099e-04
370 1.1222444890e+00 5.2155355689e-05 3.7174999984e-04
371 1.1251503006e+00 5.1087818537e-05 3.6323244857e-04
372 1.1280561122e+00 5.0044385546e-05 3.5502201434e-04
373 1.1309619238e+00 4.9024564345e-05 3.4684647740e-04
374 1.1338677355e+00 4.8028644494e-05 3.3881588265e-04
375 1.1367735471e+00 4.7055494085e-05 3.3117893510e-04
376 1.1396793587e+00 4.6103957299e-05 3.2373609669e-04
377 1.1425851703e+00 4.5174061859e-05 3.1631546636e-04
378 1.1454909820e+00 4.4265650980e-05 3.0910238401e-04
379 1.1483967936e+00 4.3377675258e-05 3.0223428271e-04
380 1.1513026052e+00 4.2509179199e-05 2.9547485677e-04
381 1.1542084168e+00 4.1660486712e-05 2.8874591273e-04
382 1.1571142285e+00 4.0831096739e-05 2.8226556811e-04
383 1.1600200401e+00 4.0020065575e-05 2.7606559192e-04
384 1.1629258517e+00 3.9226707527e-05 2.6992035490e-04
385 1.1658316633e+00 3.8451390165e-05 2.6382910205e-04
386 1.1687374749e+00 3.7693432184e-05 2.5800125616e-04
387 1.1716432866e+00 3.6951984067e-05 2.5238332614e-04
388 1.1745490982e+00 3.6226675379e-05 2.4679071888e-04
389 1.1774549098e+00 3.5517729389e-05 2.4128626094e-04
390 1.1803607214e+00 3.4824410536e-05 2.3604001354e-04
391 1.1832665331e+00 3.4145953759e-05 2.3093054836e-04
392 1.1861723447e+00 3.3482329193e-05 2.2583583112e-04
393 1.1890781563e+00 3.2833480993e-05 2.2087032941e-04
394 1.1919839679e+00 3.2198714052e-05 2.1613567414e-04
395 1.1948897796e+00 3.1577381885e-05 2.1147898364e-04
396 1.1977955912e+00 3.0969677874e-05 2.0684070285e-04
397 1.2007014028e+00 3.0375301648e-05 2.0236208442e-04
398 1.2036072144e+00 2.9793625680e-05 1.9807378264e-04
399 1.2065130261e+00 2.9224171448e-05 1.9382558916e-04
400 1.2094188377e+00 2.8667184381e-05 1.8960998380e-04
401 1.2123246493e+00 2.8122229658e-05 1.8556676930e-04
402 1.2152304609e+00 2.7588740230e-05 1.8166880140e-04
403 1.2181362725e+00 2.7066439029e-05 1.7778956211e-04
404 1.2210420842e+00 2.6555494278e-05 1.7396461548e-04
405 1.2239478958e+00 2.6055422226e-05 1.7031115898e-04
406 1.2268537074e+00 2.5565709988e-05 1.6675536856e-04
407 1.2297595190e+00 2.5086302849e-05 1.6320972630e-04
408 1.2326653307e+00 2.4617196548e-05 1.5974521690e-04
409 1.2355711423e+00 2.4157923833e-05 1.5643725954e-04
410 1.2384769539e+00 2.3708042134e-05 1.5318594371e-04
411 1.2413827655e+00 2.3267664842e-05 1.4994598808e-04
412 1.2442885772e+00 2.2836612544e-05 1.4680976028e-04
413 1.2471943888e+00 2.2414461826e-05 1.4380438053e-04
414 1.2501002004e+00 2.2000875663e-05 1.4082874682e-04
415 1.2530060120e+00 2.1596018207e-05 1.3787302844e-04
416 1.2559118236e+00 2.1199609566e-05 1.3503154004e-04
417 1.2588176353e+00 2.0811265770e-05 1.3229170686e-04
418 1.2617234469e+00 2.0430780007e-05 1.2956595154e-04
419 1.2646292585e+00 2.0058277274e-05 1.2687402296e-04
420 1.2675350701e+00 1.9693435986e-05 1.2429739559e-04
421 1.2704408818e+00 1.9335907640e-05 1.2179113830e-04
422 1.2733466934e+00 1.8985631775e-05 1.1929209957e-04
423 1.2762525050e+00 1.8642626901e-05 1.1684455203e-04
424 1.2791583166e+00 1.8306575261e-05 1.1450438175e-04
425 1.2820641283e+00 1.7977170575e-05 1.1220584292e-04
426 1.2849699399e+00 1.7654477175e-05 1.0991448020e-04
427 1.2878757515e+00 1.7338389026e-05 1.0769119479e-04
428 1.2907815631e+00 1.7028616524e-05 1.0555894285e-04
429 1.2936873747e+00 1.6724920220e-05 1.0344899625e-04
430 1.2965931864e+00 1.6427409933e-05 1.0135136464e-04
431 1.2994989980e+00 1.6135904273e-05 1.0034453143e-04
432 1.3024048096e+00 1.5844245321e-05 1.0220649840e-04
433 1.3053106212e+00 1.5541918611e-05 1.0569626274e-04
434 1.3082164329e+00 1.5229978464e-05 1.0884026231e-04
435 1.3111222445e+00 1.4909380013e-05 1.1166834239e-04
436 1.3140280561e+00 1.4581004129e-05 1.1417045510e-04
437 1.3169338677e+00 1.4245864342e-05 1.1631814231e-04
438 1.3198396794e+00 1.3905006909e-05 1.1815507964e-04
439 1.3227454910e+00 1.3559191534e-05 1.1973694550e-04
440 1.3256513026e+00 1.3209140894e-05 1.2103607508e-04
441 1.3285571142e+00 1.2855775467e-05 1.2204180063e-04
442 1.3314629259e+00 1.2499879928e-05 1.2280684571e-04
443 1.3343687375e+00 1.2142068347e-05 1.2336170291e-04
444 1.3372745491e+00 1.1782948187e-05 1.2367490481e-04
445 1.3401803607e+00 1.1423316396e-05 1.2375069432e-04
446 1.3430861723e+00 1.1063755776e-05 1.2364130265e-04
447 1.3459919840e+00 1.0704759727e-05 1.2335669109e-04
448 1.3488977956e+00 1.0346853162e-05 1.2286970006e-04
449 1.3518036072e+00 9.9906873219e-06 1.2219593022e-04
450 1.3547094188e+00 9.6366964535e-06 1.2137992912e-04
451 1.3576152305e+00 9.2852729042e-06 1.2041649883e-04
452 1.3605210421e+00 8.9368811294e-06 1.1928771084e-04
453 1.3634268537e+00 8.5920176707e-06 1.1801709580e-04
454 1.3663326653e+00 8.2510102321e-06 1.1663690025e-04
455 1.3692384770e+00 7.9141679500e-06 1.1513240850e-04
456 1.3721442886e+00 7.5819040504e-06 1.1349681101e-04
457 1.3750501002e+00 7.2545672444e-06 1.1175796253e-04
458 1.3779559118e+00 6.9324088772e-06 1.0993323570e-04
459 1.3808617234e+00 6.6156766965e-06 1.0800662860e-04
460 1.3837675351e+00 6.3047150439e-06 1.0597991822e-04
461 1.3866733467e+00 5.9997613399e-06 1.0387978483e-04
462 1.3895791583e+00 5.7010048713e-06 1.0171230022e-04
463 1.3924849699e+00 5.4086477718e-06 9.9464596951e-05
464 1.3953907816e+00 5.1229541077e-06 9.7144166564e-05
465 1.3982965932e+00 4.8440824748e-06 9.4772777821e-05
466 1.4012024048e+00 4.5721704289e-06 9.2349174299e-05
467 1.4041082164e+00 4.3073838667e-06 8.9865618826e-05
468 1.4070140281e+00 4.0499053094e-06 8.7332851744e-05
469 1.4099198397e+00 3.7998382354e-06 8.4765984718e-05
470 1.4128256513e+00 3.5572773421e-06 8.2159845041e-05
471 1.4157314629e+00 3.3223561700e-06 7.9512108910e-05
472 1.4186372745e+00 3.0951829216e-06 7.6834660246e-05
473 1.4215430862e+00 2.8758220724e-06 7.4135508701e-05
474 1.4244488978e+00 2.6643352758e-06 7.1409449868e-05
475 1.4273547094e+00 2.4608172535e-06 6.8657874653e-05
476 1.4302605210e+00 2.2653215754e-06 6.5891346465e-05
477 1.4331663327e+00 2.0778815727e-06 6.3112997762e-05
478 1.4360721443e+00 1.8985326104e-06 6.0319408237e-05
479 1.4389779559e+00 1.7273278975e-06 5.7513906846e-05
480 1.4418837675e+00 1.5642834524e-06 5.4704363578e-05
481 1.4447895792e+00 1.4094067465e-06 5.1891349594e-05
482 1.4476953908e+00 1.2627104788e-06 4.9073591687e-05
483 1.4506012024e+00 1.1242095202e-06 4.6255015313e-05
484 1.4535070140e+00 9.9389375656e-07 4.3440589095e-05
485 1.4564128257e+00 8.7174918279e-07 4.0629985774e-05
486 1.4593186373e+00 7.5776758674e-07 3.7823664111e-05
487 1.4622244489e+00 6.5193229718e-07 3.5025223054e-05
488 1.4651302605e+00 5.5421418620e-07 3.2237218778e-05
489 1.4680360721e+00 4.6458172713e-07 2.9459636631e-05
490 1.4709418838e+00 3.8300587714e-07 2.6693753553e-05
491 1.4738476954e+00 3.0944768845e-07 2.3942203774e-05
492 1.4767535070e+00 2.4386280911e-07 2.1206256446e-05
493 1.4796593186e+00 1.8620491552e-07 1.8486480408e-05
494 1.4825651303e+00 1.3642634983e-07 1.5784230668e-05
495 1.4854709419e+00 9.4472913642e-08 1.3101114243e-05
496 1.4883767535e+00 6.0287609740e-08 1.0438000720e-05
497 1.4912825651e+00 3.3811186011e-08 7.7957442052e-06
498 1.4941883768e+00 1.4981681495e-08 5.1753741985e-06
499 1.4970941884e+00 3.7338610092e-09 2.5778824365e-06
500 1.5000000000e+00 0.0000000000e+00 1.2849632024e-06

